   0.0000000e+00
   2.1276596e-02
   4.2553191e-02
   6.3829787e-02
   8.5106383e-02
   1.0638298e-01
   1.2765957e-01
   1.4893617e-01
   1.7021277e-01
   1.9148936e-01
   2.1276596e-01
   2.3404255e-01
   2.5531915e-01
   2.7659574e-01
   2.9787234e-01
   3.1914894e-01
   3.4042553e-01
   3.6170213e-01
   3.8297872e-01
   4.0425532e-01
   4.2553191e-01
   4.4680851e-01
   4.6808511e-01
   4.8936170e-01
   5.1063830e-01
   5.3191489e-01
   5.5319149e-01
   5.7446809e-01
   5.9574468e-01
   6.1702128e-01
   6.3829787e-01
   6.5957447e-01
   6.8085106e-01
   7.0212766e-01
   7.2340426e-01
   7.4468085e-01
   7.6595745e-01
   7.8723404e-01
   8.0851064e-01
   8.2978723e-01
   8.5106383e-01
   8.7234043e-01
   8.9361702e-01
   9.1489362e-01
   9.3617021e-01
   9.5744681e-01
   9.7872340e-01
   1.0000000e+00
   2.5000000e+00
   4.0000000e+00
   5.5000000e+00
   7.0000000e+00
   8.5000000e+00
   1.0000000e+01
   1.1500000e+01
   1.3000000e+01
   1.4500000e+01
   1.6000000e+01
   2.2692308e+01
   2.9384615e+01
   3.6076923e+01
   4.2769231e+01
   4.9461538e+01
   5.6153846e+01
   6.2846154e+01
   6.9538462e+01
   7.6230769e+01
   8.2923077e+01
   8.9615385e+01
   9.6307692e+01
   1.0300000e+02
   1.5400000e+02
   2.0500000e+02
   2.3014286e+02
   2.5528571e+02
   2.8042857e+02
   3.0557143e+02
   3.3071429e+02
   3.5585714e+02
   3.8100000e+02
   4.0916667e+02
   4.3733333e+02
   4.6550000e+02
   4.9366667e+02
   5.2183333e+02
   5.5000000e+02
   6.0687500e+02
   6.6375000e+02
   7.2062500e+02
   7.7750000e+02
   8.3437500e+02
   8.9125000e+02
   9.4812500e+02
   1.0050000e+03
   1.3119000e+03
   1.6188000e+03
   1.9257000e+03
   2.2326000e+03
   2.5395000e+03
   2.8464000e+03
   3.1533000e+03
   3.4602000e+03
   3.7671000e+03
   4.0740000e+03
   4.3730000e+03
   4.6720000e+03
   4.9710000e+03
   5.2700000e+03
   5.5690000e+03
   5.8680000e+03
   6.1670000e+03
   6.4660000e+03
   6.7650000e+03
   7.0640000e+03
   7.3630000e+03
   7.6620000e+03
   7.9610000e+03
   8.2600000e+03
   8.5590000e+03
   8.8580000e+03
   9.1570000e+03
   9.4560000e+03
   9.7550000e+03
   1.0054000e+04
