   0.0000000e+00   0.0000000e+00   0.0000000e+00   0.0000000e+00   0.0000000e+00
   0.0000000e+00   0.0000000e+00   0.0000000e+00   0.0000000e+00   0.0000000e+00
   0.0000000e+00   0.0000000e+00   0.0000000e+00   0.0000000e+00   0.0000000e+00
   0.0000000e+00   0.0000000e+00   0.0000000e+00   0.0000000e+00   0.0000000e+00
   0.0000000e+00   0.0000000e+00   0.0000000e+00   0.0000000e+00   0.0000000e+00
   0.0000000e+00   0.0000000e+00   0.0000000e+00   0.0000000e+00   0.0000000e+00
   0.0000000e+00   0.0000000e+00   0.0000000e+00   0.0000000e+00   0.0000000e+00
   0.0000000e+00   0.0000000e+00   0.0000000e+00   0.0000000e+00   0.0000000e+00
   0.0000000e+00   0.0000000e+00   0.0000000e+00   0.0000000e+00   0.0000000e+00
   0.0000000e+00   0.0000000e+00   0.0000000e+00   0.0000000e+00   0.0000000e+00
   0.0000000e+00   0.0000000e+00   0.0000000e+00   0.0000000e+00   0.0000000e+00
   0.0000000e+00   0.0000000e+00   0.0000000e+00   0.0000000e+00   0.0000000e+00
   0.0000000e+00   0.0000000e+00   0.0000000e+00   0.0000000e+00   0.0000000e+00
   0.0000000e+00   0.0000000e+00   0.0000000e+00   0.0000000e+00   0.0000000e+00
   0.0000000e+00   0.0000000e+00   0.0000000e+00   0.0000000e+00   0.0000000e+00
   0.0000000e+00   0.0000000e+00   0.0000000e+00   0.0000000e+00   0.0000000e+00
   0.0000000e+00   0.0000000e+00   0.0000000e+00   0.0000000e+00   0.0000000e+00
   0.0000000e+00   0.0000000e+00   0.0000000e+00   0.0000000e+00   0.0000000e+00
   0.0000000e+00   0.0000000e+00   0.0000000e+00   0.0000000e+00   0.0000000e+00
   0.0000000e+00   0.0000000e+00   0.0000000e+00   0.0000000e+00   0.0000000e+00
   0.0000000e+00   0.0000000e+00   0.0000000e+00   0.0000000e+00   0.0000000e+00
   0.0000000e+00   0.0000000e+00   0.0000000e+00   0.0000000e+00   0.0000000e+00
   0.0000000e+00   0.0000000e+00   0.0000000e+00   0.0000000e+00   0.0000000e+00
   0.0000000e+00   0.0000000e+00   0.0000000e+00   0.0000000e+00   0.0000000e+00
   0.0000000e+00   0.0000000e+00   0.0000000e+00   0.0000000e+00   0.0000000e+00
   0.0000000e+00   0.0000000e+00   0.0000000e+00   0.0000000e+00   0.0000000e+00
   0.0000000e+00   0.0000000e+00   0.0000000e+00   0.0000000e+00   0.0000000e+00
   0.0000000e+00   0.0000000e+00   0.0000000e+00   0.0000000e+00   0.0000000e+00
   0.0000000e+00   0.0000000e+00   0.0000000e+00   0.0000000e+00   0.0000000e+00
   0.0000000e+00   0.0000000e+00   0.0000000e+00   0.0000000e+00   0.0000000e+00
   0.0000000e+00   0.0000000e+00   0.0000000e+00   0.0000000e+00   0.0000000e+00
   0.0000000e+00   0.0000000e+00   0.0000000e+00   0.0000000e+00   0.0000000e+00
   0.0000000e+00   0.0000000e+00   0.0000000e+00   0.0000000e+00   0.0000000e+00
   0.0000000e+00   0.0000000e+00   0.0000000e+00   0.0000000e+00   0.0000000e+00
   1.0000000e+00   1.0000000e+00   0.0000000e+00   0.0000000e+00   1.0000000e+00
   1.0000000e+00   1.0000000e+00   0.0000000e+00   0.0000000e+00   1.0000000e+00
   8.0000000e+00   8.0000000e+00   0.0000000e+00   0.0000000e+00   8.0000000e+00
   8.0000000e+00   8.0000000e+00   0.0000000e+00   0.0000000e+00   8.0000000e+00
   1.8000000e+01   1.8000000e+01   0.0000000e+00   0.0000000e+00   1.8000000e+01
   2.7000000e+01   2.7000000e+01   0.0000000e+00   0.0000000e+00   2.7000000e+01
   4.2000000e+01   4.2000000e+01   0.0000000e+00   0.0000000e+00   4.2000000e+01
   5.6000000e+01   5.4000000e+01   2.0000000e+00   0.0000000e+00   5.6000000e+01
   9.0000000e+01   8.7000000e+01   3.0000000e+00   0.0000000e+00   9.0000000e+01
   1.1400000e+02   1.1000000e+02   4.0000000e+00   0.0000000e+00   1.1400000e+02
   2.1400000e+02   2.1000000e+02   4.0000000e+00   0.0000000e+00   2.1400000e+02
   2.6800000e+02   2.6400000e+02   4.0000000e+00   0.0000000e+00   2.6800000e+02
   3.3700000e+02   3.3200000e+02   5.0000000e+00   0.0000000e+00   3.3700000e+02
   3.7400000e+02   3.6900000e+02   5.0000000e+00   0.0000000e+00   3.7400000e+02
   4.9100000e+02   4.8500000e+02   6.0000000e+00   5.7218978e+00   4.8527810e+02
   6.5200000e+02   6.4400000e+02   8.0000000e+00   1.0356609e+02   5.4843391e+02
   6.5200000e+02   6.4400000e+02   8.0000000e+00   4.1106512e+01   6.1089349e+02
   1.1390000e+03   1.1240000e+03   1.5000000e+01   4.3631337e+02   7.0268663e+02
   1.3590000e+03   1.3420000e+03   1.7000000e+01   5.5414224e+02   8.0485776e+02
   2.2000000e+03   2.1820000e+03   1.8000000e+01   1.2460095e+03   9.5399055e+02
   2.2000000e+03   2.1820000e+03   1.8000000e+01   1.1066575e+03   1.0933425e+03
   2.7000000e+03   2.6690000e+03   3.1000000e+01   1.4455967e+03   1.2544033e+03
   3.0280000e+03   2.9850000e+03   4.3000000e+01   1.6031873e+03   1.4248127e+03
   4.0750000e+03   4.0190000e+03   5.6000000e+01   2.4279478e+03   1.6470522e+03
   5.2940000e+03   5.2250000e+03   6.9000000e+01   3.3688571e+03   1.9251429e+03
   6.5750000e+03   6.4850000e+03   9.0000000e+01   4.3195712e+03   2.2554288e+03
   7.4740000e+03   7.2450000e+03   2.2900000e+02   4.8663762e+03   2.6076238e+03
   8.7950000e+03   8.5440000e+03   2.5100000e+02   5.7847049e+03   3.0102951e+03
   9.8770000e+03   9.6240000e+03   2.5300000e+02   6.4424913e+03   3.4345087e+03
   1.0897000e+04   1.0613000e+04   2.8400000e+02   7.0269248e+03   3.8700752e+03
   1.1811000e+04   1.1489000e+04   3.2200000e+02   7.5033109e+03   4.3076891e+03
   1.2928000e+04   1.1167000e+04   1.7610000e+03   8.1716233e+03   4.7563767e+03
   1.4076000e+04   1.2282000e+04   1.7940000e+03   8.7779324e+03   5.2980676e+03
   1.4829000e+04   1.2934000e+04   1.8950000e+03   9.0107076e+03   5.8182924e+03
   1.5922000e+04   1.3740000e+04   2.1820000e+03   9.5819405e+03   6.3400595e+03
   1.6605000e+04   1.4349000e+04   2.2560000e+03   9.7597845e+03   6.8452155e+03
   1.7768000e+04   1.4313000e+04   3.4550000e+03   1.0419384e+04   7.3486157e+03
   1.8827000e+04   1.4278000e+04   4.5490000e+03   1.0919771e+04   7.9072293e+03
   1.9606000e+04   1.4169000e+04   5.4370000e+03   1.1112343e+04   8.4936572e+03
   2.0505000e+04   1.3424000e+04   7.0810000e+03   1.1403859e+04   9.1011410e+03
   2.1100000e+04   1.3970000e+04   7.1300000e+03   1.1345095e+04   9.7549050e+03
   2.1657000e+04   1.2836000e+04   8.8210000e+03   1.1301036e+04   1.0355964e+04
   2.2253000e+04   1.2728000e+04   9.5250000e+03   1.1245962e+04   1.1007038e+04
   2.3280000e+04   1.2585000e+04   1.0695000e+04   1.1605297e+04   1.1674703e+04
   2.4051000e+04   1.2503000e+04   1.1548000e+04   1.1682092e+04   1.2368908e+04
   2.4551000e+04   1.2449000e+04   1.2102000e+04   1.1497762e+04   1.3053238e+04
   2.5107000e+04   1.1971000e+04   1.3136000e+04   1.1392649e+04   1.3714351e+04
   2.5415000e+04   1.1609000e+04   1.3806000e+04   1.1047794e+04   1.4367206e+04
   2.5688000e+04   1.0850000e+04   1.4838000e+04   1.0697774e+04   1.4990226e+04
   2.5936000e+04   1.1062000e+04   1.4874000e+04   1.0329299e+04   1.5606701e+04
   2.6336000e+04   9.6970000e+03   1.6639000e+04   1.0167858e+04   1.6168142e+04
   2.6732000e+04   9.5510000e+03   1.7181000e+04   9.9511257e+03   1.6780874e+04
   2.7078000e+04   9.3510000e+03   1.7727000e+04   9.7089139e+03   1.7369086e+04
   2.7404000e+04   8.9360000e+03   1.8468000e+04   9.4702844e+03   1.7933716e+04
   2.7740000e+04   8.5470000e+03   1.9193000e+04   9.2508679e+03   1.8489132e+04
   2.7944000e+04   7.9150000e+03   2.0029000e+04   8.9159445e+03   1.9028056e+04
   2.8063000e+04   7.1850000e+03   2.0878000e+04   8.5082853e+03   1.9554715e+04
   2.8268000e+04   6.8590000e+03   2.1409000e+04   8.1896413e+03   2.0078359e+04
   2.8496000e+04   6.3470000e+03   2.2149000e+04   7.9124611e+03   2.0583539e+04
   2.8677000e+04   6.0880000e+03   2.2589000e+04   7.5946896e+03   2.1082310e+04
   2.8894000e+04   5.9950000e+03   2.2899000e+04   7.3328945e+03   2.1561106e+04
   2.9061000e+04   5.6510000e+03   2.3410000e+04   7.0499698e+03   2.2011030e+04
   2.9164000e+04   5.2990000e+03   2.3865000e+04   6.7213376e+03   2.2442662e+04
   2.9264000e+04   4.9650000e+03   2.4299000e+04   6.4089952e+03   2.2855005e+04
   2.9407000e+04   5.0910000e+03   2.4316000e+04   6.1551358e+03   2.3251864e+04
   2.9586000e+04   4.4490000e+03   2.5137000e+04   5.9739570e+03   2.3612043e+04
   2.9705000e+04   4.0510000e+03   2.5654000e+04   5.7227184e+03   2.3982282e+04
   2.9817000e+04   3.8550000e+03   2.5962000e+04   5.4713753e+03   2.4345625e+04
   2.9905000e+04   3.6430000e+03   2.6262000e+04   5.2151321e+03   2.4689868e+04
   2.9981000e+04   2.9970000e+03   2.6984000e+04   4.9651829e+03   2.5015817e+04
   3.0009000e+04   2.8140000e+03   2.7195000e+04   4.6607769e+03   2.5348223e+04
   3.0060000e+04   2.5550000e+03   2.7505000e+04   4.4002287e+03   2.5659771e+04
   3.0126000e+04   2.4160000e+03   2.7710000e+04   4.1665380e+03   2.5959462e+04
   3.0207000e+04   2.2840000e+03   2.7923000e+04   3.9633398e+03   2.6243660e+04
   3.0251000e+04   2.0210000e+03   2.8230000e+04   3.7387952e+03   2.6512205e+04
   3.0305000e+04   1.8720000e+03   2.8433000e+04   3.5317970e+03   2.6773203e+04
   3.0344000e+04   1.6990000e+03   2.8645000e+04   3.3229574e+03   2.7021043e+04
   3.0380000e+04   1.7130000e+03   2.8667000e+04   3.1222614e+03   2.7257739e+04
   3.0413000e+04   1.4430000e+03   2.8970000e+04   2.9398774e+03   2.7473123e+04
   3.0463000e+04   1.4910000e+03   2.8972000e+04   2.7762167e+03   2.7686783e+04
   3.0514000e+04   1.5360000e+03   2.8978000e+04   2.6322566e+03   2.7881743e+04
   3.0572000e+04   1.2930000e+03   2.9279000e+04   2.5121901e+03   2.8059810e+04
   3.0587000e+04   1.2060000e+03   2.9381000e+04   2.3497221e+03   2.8237278e+04
   3.0597000e+04   1.1110000e+03   2.9486000e+04   2.1939928e+03   2.8403007e+04
   3.0618000e+04   1.0270000e+03   2.9591000e+04   2.0589197e+03   2.8559080e+04
   3.0658000e+04   9.6600000e+02   2.9692000e+04   1.9502786e+03   2.8707721e+04
   3.0694000e+04   8.9600000e+02   2.9798000e+04   1.8446988e+03   2.8849301e+04
   3.0707000e+04   9.0400000e+02   2.9803000e+04   1.7234425e+03   2.8983557e+04
   3.0725000e+04   8.2000000e+02   2.9905000e+04   1.6193983e+03   2.9105602e+04
   3.0736000e+04   7.3000000e+02   3.0006000e+04   1.5142634e+03   2.9221737e+04
   3.0746000e+04   6.3300000e+02   3.0113000e+04   1.4133292e+03   2.9332671e+04
   3.0761000e+04   6.4600000e+02   3.0115000e+04   1.3211286e+03   2.9439871e+04
   3.0776000e+04   5.5900000e+02   3.0217000e+04   1.2383278e+03   2.9537672e+04
   3.0796000e+04   5.7700000e+02   3.0219000e+04   1.1628782e+03   2.9633122e+04
   3.0828000e+04   6.0900000e+02   3.0219000e+04   1.1065432e+03   2.9721457e+04
   3.0845000e+04   5.2600000e+02   3.0319000e+04   1.0429131e+03   2.9802087e+04
   3.0862000e+04   4.4200000e+02   3.0420000e+04   9.8039520e+02   2.9881605e+04
   3.0871000e+04   4.5100000e+02   3.0420000e+04   9.1092212e+02   2.9960078e+04
   3.0874000e+04   4.5400000e+02   3.0420000e+04   8.4246135e+02   3.0031539e+04
   3.0893000e+04   3.7200000e+02   3.0521000e+04   7.9549777e+02   3.0097502e+04
   3.0913000e+04   3.9200000e+02   3.0521000e+04   7.4844863e+02   3.0164551e+04
   3.0936000e+04   4.1500000e+02   3.0521000e+04   7.0891051e+02   3.0227089e+04
   3.0956000e+04   3.3500000e+02   3.0621000e+04   6.7075379e+02   3.0285246e+04
